0,417
0,416
0,415
0,414
0,413
0,412
0,411
0,410
0,409
0,408
0,407
0,406
0,405
0,404
0,403
0,402
0,401
0,400
0,399
0,398
0,397
0,396
0,395
0,394
0,393
30,5
30,4
30,3
30,2
0,392
30,1
30,0
0,278
0,391
0,390
0,389
0,388
0,387
0,386
0,385
0,273
0,270
29,4
29,3
29,2
29,1
29,0
0,384
28,3
28,2
28,1
28,0
27,3
27,2
27,1
27,0
0,319
0,318
0,317
0,316
26,4
26,3
26,2
26,1
26,0
25,3
25,2
0,283
25,1
25,0
24,3
24,2
0,9
24,1
24,0
3,2
10,27
10,109
10,183
10,137
10,2
10,3
11,16
11,8
11,2
11,3
9,5
9,2
9,3
8,10
8,8
8,2
8,3
12,2
12,1
12,3
11,30
11,29
11,28
11,27
11,26
11,25
11,24
11,23
11,22
11,1
11,21
10,315
10,314
10,313
10,312
10,311
10,310
10,309
10,308
10,307
10,306
10,305
10,304
10,303
10,302
10,301
10,300
10,299
10,298
10,297
10,296
